object frmPrincipal: TfrmPrincipal
  Left = 0
  Top = 0
  ClientHeight = 480
  ClientWidth = 320
  FormFactor.Width = 320
  FormFactor.Height = 480
  FormFactor.Devices = [Desktop]
  DesignerMasterStyle = 3
  object btnToastLong: TButton
    Align = Top
    Margins.Left = 10.000000000000000000
    Margins.Top = 50.000000000000000000
    Margins.Right = 10.000000000000000000
    Position.X = 10.000000000000000000
    Position.Y = 50.000000000000000000
    Size.Width = 300.000000000000000000
    Size.Height = 60.000000000000000000
    Size.PlatformDefault = False
    TabOrder = 0
    Text = 'Toast Message (Long)'
    OnClick = btnToastLongClick
  end
  object btnToastShort: TButton
    Align = Bottom
    Margins.Left = 10.000000000000000000
    Margins.Right = 10.000000000000000000
    Margins.Bottom = 50.000000000000000000
    Position.X = 10.000000000000000000
    Position.Y = 370.000000000000000000
    Size.Width = 300.000000000000000000
    Size.Height = 60.000000000000000000
    Size.PlatformDefault = False
    TabOrder = 1
    Text = 'Toast Message (Short)'
    OnClick = btnToastShortClick
  end
end
